# Mass sigma dsigma2/dM
1.000000000000000000e+10 3.794313234434537829e+00 -3.031751597370088630e-10
1.047128548050898552e+10 3.775932025266480974e+00 -2.875936954453012632e-10
1.096478196143182945e+10 3.757584964121063464e+00 -2.728065819503774000e-10
1.148153621496884155e+10 3.739272068125900184e+00 -2.587758341360849847e-10
1.202264434617413139e+10 3.720993257918317365e+00 -2.454632361805617196e-10
1.258925411794166183e+10 3.702748512028186223e+00 -2.328305462802872851e-10
1.318256738556404686e+10 3.684537968969222366e+00 -2.208412674700764520e-10
1.380384264602886581e+10 3.666361887363025929e+00 -2.094623220636753320e-10
1.445439770745928001e+10 3.648220499064132483e+00 -1.986641129968191851e-10
1.513561248436207199e+10 3.630113890568528401e+00 -1.884189431943235679e-10
1.584893192461110878e+10 3.612042025692173031e+00 -1.786992654945147262e-10
1.659586907437563133e+10 3.594004887978579976e+00 -1.694773432484672621e-10
1.737800828749376297e+10 3.576002600072815785e+00 -1.607264855054023690e-10
1.819700858609982681e+10 3.558035396567351683e+00 -1.524224574845385102e-10
1.905460717963244247e+10 3.540103478812532511e+00 -1.445435475811802632e-10
1.995262314968882751e+10 3.522206910061475682e+00 -1.370692443515325813e-10
2.089296130854040909e+10 3.504345668678132686e+00 -1.299789787053110246e-10
2.187761623949551773e+10 3.486519798082957422e+00 -1.232522562308779717e-10
2.290867652767770004e+10 3.468729475723703715e+00 -1.168698701876744034e-10
2.398832919019494629e+10 3.450974917244359119e+00 -1.108146401779184909e-10
2.511886431509582138e+10 3.433256236026802632e+00 -1.050707638560830268e-10
2.630267991895381546e+10 3.415573438566526399e+00 -9.962262365365515112e-11
2.754228703338163376e+10 3.397926561220364849e+00 -9.445454371837925855e-11
2.884031503126611710e+10 3.380315762538345314e+00 -8.955168803949228647e-11
3.019951720402019119e+10 3.362741243175167760e+00 -8.490076114538501121e-11
3.162277660168379211e+10 3.345203108801336089e+00 -8.048951336569429479e-11
3.311311214825907516e+10 3.327701377073955857e+00 -7.630578763802596205e-11
3.467368504525309753e+10 3.310236116869846867e+00 -7.233747013166757820e-11
3.630780547701017761e+10 3.292807503966953764e+00 -6.857329795437775107e-11
3.801893963205612946e+10 3.275415706179480857e+00 -6.500318062498903830e-11
3.981071705534969330e+10 3.258060786202743753e+00 -6.161752776460914597e-11
4.168693834703346252e+10 3.240742783288594886e+00 -5.840669454914246089e-11
4.365158322401665497e+10 3.223461831943639666e+00 -5.536139995783042644e-11
4.570881896148751831e+10 3.206218109900063951e+00 -5.247329019579440068e-11
4.786300923226380157e+10 3.189011711481014366e+00 -4.973462370357218199e-11
5.011872336272714996e+10 3.171842679792490571e+00 -4.713766992086064905e-11
5.248074602497734070e+10 3.154711133997106565e+00 -4.467489404787489425e-11
5.495408738576248169e+10 3.137617244990145604e+00 -4.233947667114934676e-11
5.754399373371566772e+10 3.120561110992933429e+00 -4.012511621712616026e-11
6.025595860743568420e+10 3.103542786106377349e+00 -3.802552834804552942e-11
6.309573444801942444e+10 3.086562398773491367e+00 -3.603462922593282372e-11
6.606934480075964355e+10 3.069620107861593894e+00 -3.414693022666170317e-11
6.918309709189363098e+10 3.052715996099106377e+00 -3.235727076793042088e-11
7.244359600749891663e+10 3.035850137758519196e+00 -3.066049083853166227e-11
7.585775750291851807e+10 3.019022681994896651e+00 -2.905172868078850278e-11
7.943282347242822266e+10 3.002233759461400808e+00 -2.752658795862655086e-11
8.317637711026708984e+10 2.985483438720868854e+00 -2.608078033832068319e-11
8.709635899560797119e+10 2.968771835000001857e+00 -2.471009875953694816e-11
9.120108393559115601e+10 2.952099098045214198e+00 -2.341072015402343590e-11
9.549925860214369202e+10 2.935465315087431026e+00 -2.217904401715316223e-11
1.000000000000000000e+11 2.918870580610788412e+00 -2.101149146392123019e-11
1.047128548050898438e+11 2.902315042786501209e+00 -1.990474805800906608e-11
1.096478196143182831e+11 2.885798804735068224e+00 -1.885575190196749452e-11
1.148153621496884003e+11 2.869321955696176651e+00 -1.786146596458953852e-11
1.202264434617413177e+11 2.852884638466779865e+00 -1.691904297637108324e-11
1.258925411794166107e+11 2.836486961915647420e+00 -1.602586484508969524e-11
1.318256738556410065e+11 2.820129018281069211e+00 -1.517934367730471858e-11
1.380384264602886658e+11 2.803810947707105594e+00 -1.437705229586890263e-11
1.445439770745928040e+11 2.787532856367452183e+00 -1.361674775676168495e-11
1.513561248436207275e+11 2.771294844685480818e+00 -1.289621615488352767e-11
1.584893192461110840e+11 2.755097050818622773e+00 -1.221340139200967887e-11
1.659586907437563171e+11 2.738939573950298190e+00 -1.156637428674190489e-11
1.737800828749376221e+11 2.722822528284645216e+00 -1.095324285378571114e-11
1.819700858609982605e+11 2.706746044010937435e+00 -1.037227107810067401e-11
1.905460717963244324e+11 2.690710217475531074e+00 -9.821788148473725389e-12
1.995262314968882751e+11 2.674715177923029152e+00 -9.300193028824006198e-12
2.089296130854040833e+11 2.658761038310151648e+00 -8.806008618739643851e-12
2.187761623949551697e+11 2.642847907301678401e+00 -8.337788902441394830e-12
2.290867652767770081e+11 2.626975914554356972e+00 -7.894193660300667311e-12
2.398832919019494934e+11 2.611145161955839455e+00 -7.473941483818812427e-12
2.511886431509582214e+11 2.595355777454368074e+00 -7.075807844032890201e-12
2.630267991895381470e+11 2.579607871436851774e+00 -6.698653453039038053e-12
2.754228703338163452e+11 2.563901561599803980e+00 -6.341370598862688466e-12
2.884031503126611328e+11 2.548236968556045312e+00 -6.002934954845359657e-12
3.019951720402019043e+11 2.532614202724333463e+00 -5.682353727947519218e-12
3.162277660168379517e+11 2.517033389725660264e+00 -5.378700599671119406e-12
3.311311214825907593e+11 2.501494638070648424e+00 -5.091088037732913893e-12
3.467368504525309448e+11 2.485998073975268507e+00 -4.818678575430462496e-12
3.630780547701017456e+11 2.470543807003391823e+00 -4.560677561621402233e-12
3.801893963205612793e+11 2.455131962310284077e+00 -4.316329725913462951e-12
3.981071705534969482e+11 2.439762651100500612e+00 -4.084921934172524050e-12
4.168693834703363647e+11 2.424435997506991125e+00 -3.865774614803980161e-12
4.365158322401665649e+11 2.409152113961211317e+00 -3.658246653341834082e-12
4.570881896148751831e+11 2.393911124031106397e+00 -3.461727614634347990e-12
4.786300923226380005e+11 2.378713140979974217e+00 -3.275640425384705434e-12
5.011872336272714844e+11 2.363558287933858360e+00 -3.099437431855325663e-12
5.248074602497733765e+11 2.348446679139488236e+00 -2.932598789153083651e-12
5.495408738576248169e+11 2.333378436738188011e+00 -2.774633517357494828e-12
5.754399373371566162e+11 2.318353676772284988e+00 -2.625073336490656031e-12
6.025595860743568115e+11 2.303372519371541749e+00 -2.483477840391234742e-12
6.309573444801943359e+11 2.288435083259048763e+00 -2.349425914752464183e-12
6.606934480075964355e+11 2.273541486100377540e+00 -2.222521556711633016e-12
6.918309709189362793e+11 2.258691848821965387e+00 -2.102387289068315398e-12
7.244359600749891357e+11 2.243886288180545918e+00 -1.988666038997122169e-12
7.585775750291851807e+11 2.229124924728711932e+00 -1.881019999633722563e-12
7.943282347242821045e+11 2.214407877094874078e+00 -1.779127538234861021e-12
8.317637711026708984e+11 2.199735263526658713e+00 -1.682685306225515463e-12
8.709635899560795898e+11 2.185107204428588190e+00 -1.591405049922974411e-12
9.120108393559114990e+11 2.170523817924502108e+00 -1.505013380732123543e-12
9.549925860214368896e+11 2.155985223041783527e+00 -1.423252005172104464e-12
1.000000000000000000e+12 2.141491539652549569e+00 -1.345875512886118005e-12
1.047128548050898560e+12 2.127042886131017330e+00 -1.272651368628803719e-12
1.096478196143182861e+12 2.112639381433595975e+00 -1.203359654428193506e-12
1.148153621496884033e+12 2.098281145138408466e+00 -1.137791668280976976e-12
1.202264434617413086e+12 2.083968295946923899e+00 -1.075749562879993652e-12
1.258925411794166260e+12 2.069700952485178824e+00 -1.017046132925107365e-12
1.318256738556410156e+12 2.055479233912325565e+00 -9.615039688669000091e-13
1.380384264602886719e+12 2.041303259172509321e+00 -9.089548377340251118e-13
1.445439770745927979e+12 2.027173146779379209e+00 -8.592394032635078603e-13
1.513561248436207275e+12 2.013089015284708072e+00 -8.122067974150825983e-13
1.584893192461110840e+12 1.999050983373408918e+00 -7.677140698926553968e-13
1.659586907437562988e+12 1.985059169589465933e+00 -7.256257512699211384e-13
1.737800828749376221e+12 1.971113692227067338e+00 -6.858135153401337118e-13
1.819700858609982666e+12 1.957214669435495713e+00 -6.481558308521621263e-13
1.905460717963252197e+12 1.943362219298015114e+00 -6.125375899236045141e-13
1.995262314968882812e+12 1.929556459803019708e+00 -5.788497549577319009e-13
2.089296130854040771e+12 1.915797508783577685e+00 -5.469890407411775032e-13
2.187761623949551758e+12 1.902085483887977269e+00 -5.168576207702750699e-13
2.290867652767770020e+12 1.888420502579197802e+00 -4.883628461948146720e-13
2.398832919019484863e+12 1.874802682138768883e+00 -4.614169750224101499e-13
2.511886431509582031e+12 1.861232139662355456e+00 -4.359369136833342146e-13
2.630267991895381348e+12 1.847708992048099130e+00 -4.118439723764435726e-13
2.754228703338163086e+12 1.834233355982557878e+00 -3.890636339131845066e-13
2.884031503126611816e+12 1.820805347927181517e+00 -3.675253350136386988e-13
3.019951720402019043e+12 1.807425084105857449e+00 -3.471622590483122253e-13
3.162277660168379395e+12 1.794092680493017955e+00 -3.279111394774163140e-13
3.311311214825907715e+12 1.780808252801821645e+00 -3.097120734215997806e-13
3.467368504525309570e+12 1.767571916472138183e+00 -2.925083448749931846e-13
3.630780547701017578e+12 1.754383786658279210e+00 -2.762462570962088655e-13
3.801893963205612793e+12 1.741243978216491906e+00 -2.608749737259158990e-13
3.981071705534969238e+12 1.728152605692193200e+00 -2.463463681935501185e-13
4.168693834703363770e+12 1.715109783306830726e+00 -2.326148809853763655e-13
4.365158322401665527e+12 1.702115624944192218e+00 -2.196373843431570460e-13
4.570881896148751953e+12 1.689170244136194654e+00 -2.073730539588094669e-13
4.786300923226379883e+12 1.676273754048893672e+00 -1.957832472789576265e-13
5.011872336272714844e+12 1.663426267469785058e+00 -1.848313881879706939e-13
5.248074602497733398e+12 1.650627896795826333e+00 -1.744828579845329318e-13
5.495408738576248047e+12 1.637878754017962013e+00 -1.647048923265449431e-13
5.754399373371566406e+12 1.625178950699218028e+00 -1.554664831362105312e-13
6.025595860743592773e+12 1.612528597956473631e+00 -1.467382846261011489e-13
6.309573444801942383e+12 1.599927806459910729e+00 -1.384925247525075427e-13
6.606934480075964844e+12 1.587376686427161898e+00 -1.307029237676392075e-13
6.918309709189362305e+12 1.574875347575446005e+00 -1.233446159679990655e-13
7.244359600749891602e+12 1.562423899095628732e+00 -1.163940707991081288e-13
7.585775750291820312e+12 1.550022449699409943e+00 -1.098290224734229416e-13
7.943282347242821289e+12 1.537671107567476048e+00 -1.036284084296083656e-13
8.317637711026708984e+12 1.525369980268842962e+00 -9.777229895918999662e-14
8.709635899560796875e+12 1.513119174874521411e+00 -9.224183687840071134e-14
9.120108393559115234e+12 1.500918797839120522e+00 -8.701918849007146819e-14
9.549925860214369141e+12 1.488768954980286718e+00 -8.208747692948501130e-14
1.000000000000000000e+13 1.476669751579557710e+00 -7.743074227079517024e-14
1.047128548050898438e+13 1.464621292161163435e+00 -7.303388538647181175e-14
1.096478196143182812e+13 1.452623680722163968e+00 -6.888262507602370535e-14
1.148153621496883984e+13 1.440677020446262002e+00 -6.496345402542775570e-14
1.202264434617413086e+13 1.428781413960502400e+00 -6.126359707480912951e-14
1.258925411794166211e+13 1.416936963041675490e+00 -5.777097104994822221e-14
1.318256738556410156e+13 1.405143768852219921e+00 -5.447415179102287408e-14
1.380384264602886719e+13 1.393401931728193155e+00 -5.136233105695836844e-14
1.445439770745927930e+13 1.381711551236207258e+00 -4.842529366003909611e-14
1.513561248436207227e+13 1.370072726224041526e+00 -4.565337687610686187e-14
1.584893192461110938e+13 1.358485554639414117e+00 -4.303744397061834382e-14
1.659586907437563086e+13 1.346950133631360957e+00 -4.056885902722265077e-14
1.737800828749376367e+13 1.335466559545660958e+00 -3.823945546652100505e-14
1.819700858609982422e+13 1.324034927820909591e+00 -3.604151155207420356e-14
1.905460717963252344e+13 1.312655332988874379e+00 -3.396772856264402639e-14
1.995262314968882812e+13 1.301327868693544110e+00 -3.201120736237588284e-14
2.089296130854041016e+13 1.290052627663920592e+00 -3.016542596357154794e-14
2.187761623949551953e+13 1.278829701677092645e+00 -2.842421925520146754e-14
2.290867652767769922e+13 1.267659181535041535e+00 -2.678176005498817965e-14
2.398832919019485156e+13 1.256541157048256308e+00 -2.523254095516478774e-14
2.511886431509582031e+13 1.245475717017979767e+00 -2.377135699032495659e-14
2.630267991895381641e+13 1.234462949216062366e+00 -2.239328921613723293e-14
2.754228703338163281e+13 1.223502940364119329e+00 -2.109368919163290258e-14
2.884031503126611719e+13 1.212595776113374324e+00 -1.986816432166971936e-14
3.019951720402019141e+13 1.201741541025086235e+00 -1.871256403642608358e-14
3.162277660168379297e+13 1.190940318547992538e+00 -1.762296678725531533e-14
3.311311214825907812e+13 1.180192190984889589e+00 -1.659566770036783692e-14
3.467368504525309766e+13 1.169497239449796666e+00 -1.562716644915458026e-14
3.630780547701017969e+13 1.158855543858581028e+00 -1.471415518916004549e-14
3.801893963205612500e+13 1.148267183000738489e+00 -1.385350819344596541e-14
3.981071705534969531e+13 1.137732234545597132e+00 -1.304227496614689678e-14
4.168693834703363281e+13 1.127250774754070095e+00 -1.227767140663795403e-14
4.365158322401665625e+13 1.116822878388690876e+00 -1.155706381008594659e-14
4.570881896148751562e+13 1.106448619220710361e+00 -1.087796138324031352e-14
4.786300923226380469e+13 1.096128069854245712e+00 -1.023801720426776389e-14
5.011872336272714844e+13 1.085861301310890203e+00 -9.635015550714233218e-15
5.248074602497733594e+13 1.075648383116725837e+00 -9.066863038902318411e-15
5.495408738576248438e+13 1.065489383431844406e+00 -8.531579405073206086e-15
5.754399373371566406e+13 1.055384369284726898e+00 -8.027296511531294918e-15
6.025595860743592969e+13 1.045333406234781437e+00 -7.552252716806763538e-15
6.309573444801942969e+13 1.035336558112599503e+00 -7.104785400298137421e-15
6.606934480075964062e+13 1.025393887196556664e+00 -6.683322319598190816e-15
6.918309709189362500e+13 1.015505454457275913e+00 -6.286378187967739430e-15
7.244359600749890625e+13 1.005671319479948700e+00 -5.912553009551849354e-15
7.585775750291820312e+13 9.958915401182824034e-01 -5.560526902497389480e-15
7.943282347242821875e+13 9.861661724067988244e-01 -5.229052856995282766e-15
8.317637711026709375e+13 9.764952708438763285e-01 -4.916952131396843072e-15
8.709635899560796875e+13 9.668788885381430775e-01 -4.623112801351422649e-15
9.120108393559115625e+13 9.573170769304655270e-01 -4.346487395214663081e-15
9.549925860214368750e+13 9.478098855014490676e-01 -4.086087686606543359e-15
1.000000000000000000e+14 9.383573619028289237e-01 -3.840979640760442598e-15
1.047128548050898438e+14 9.289595522570064379e-01 -3.610281280171434987e-15
1.096478196143182812e+14 9.196165010880438251e-01 -3.393161695582616170e-15
1.148153621496884062e+14 9.103282509474250883e-01 -3.188838071840090160e-15
1.202264434617413125e+14 9.010948423019270459e-01 -2.996571239576867505e-15
1.258925411794166250e+14 8.919163138255181700e-01 -2.815662766075564491e-15
1.318256738556410156e+14 8.827927025695924135e-01 -2.645454116227747291e-15
1.380384264602886719e+14 8.737240436851424485e-01 -2.485325352616696732e-15
1.445439770745928125e+14 8.647103700945640847e-01 -2.334692008043116250e-15
1.513561248436207188e+14 8.557517126141780395e-01 -2.193001919742596646e-15
1.584893192461110938e+14 8.468481002687097137e-01 -2.059733903078101856e-15
1.659586907437556250e+14 8.379995602462023685e-01 -1.934397259835000805e-15
1.737800828749376250e+14 8.292061175026697040e-01 -1.816530028286647313e-15
1.819700858609982500e+14 8.204677946192880933e-01 -1.705696271898052753e-15
1.905460717963252188e+14 8.117846121033207574e-01 -1.601484248886304482e-15
1.995262314968882812e+14 8.031565885912920200e-01 -1.503505926676079940e-15
2.089296130854040938e+14 7.945837405724467395e-01 -1.411396284843775462e-15
2.187761623949551875e+14 7.860660820364196999e-01 -1.324811441722883125e-15
2.290867652767770000e+14 7.776036245795437951e-01 -1.243426685983405026e-15
2.398832919019485000e+14 7.691963777568591176e-01 -1.166935647014002499e-15
2.511886431509582188e+14 7.608443490619453131e-01 -1.095050050284892093e-15
2.630267991895381562e+14 7.525475435184663109e-01 -1.027498754903340932e-15
2.754228703338174688e+14 7.443059635019210196e-01 -9.640260499768545541e-16
2.884031503126611875e+14 7.361196090817369031e-01 -9.043904639692842063e-16
3.019951720402019375e+14 7.279884782405564581e-01 -8.483646759281231459e-16
3.162277660168379375e+14 7.199125665851134892e-01 -7.957348415454225229e-16
3.311311214825907500e+14 7.118918670507762281e-01 -7.462998430479445073e-16
3.467368504525309375e+14 7.039263698516123879e-01 -6.998697293188803567e-16
3.630780547701017500e+14 6.960160630387868252e-01 -6.562654398760445555e-16
3.801893963205612500e+14 6.881609323157819036e-01 -6.153186102226102972e-16
3.981071705534985625e+14 6.803609607934490988e-01 -5.768709254666732252e-16
4.168693834703363750e+14 6.726161286344665147e-01 -5.407733381189193613e-16
4.365158322401665625e+14 6.649264134759841349e-01 -5.068850165233086002e-16
4.570881896148751875e+14 6.572917906573808589e-01 -4.750735631119673237e-16
4.786300923226380000e+14 6.497122329301437960e-01 -4.452144676538229213e-16
5.011872336272714375e+14 6.421877101273772981e-01 -4.171907636913766315e-16
5.248074602497712500e+14 6.347181890831332662e-01 -3.908920442049355952e-16
5.495408738576248125e+14 6.273036342215272398e-01 -3.662142588826103888e-16
5.754399373371566250e+14 6.199440073849614707e-01 -3.430596652523488218e-16
6.025595860743593750e+14 6.126392675731325843e-01 -3.213364231525731187e-16
6.309573444801942500e+14 6.053893705522851443e-01 -3.009581545716683982e-16
6.606934480075965000e+14 5.981942692686565977e-01 -2.818432638126954250e-16
6.918309709189362500e+14 5.910539141404598240e-01 -2.639150951370278043e-16
7.244359600749891250e+14 5.839682527536671497e-01 -2.471016199447194540e-16
7.585775750291820000e+14 5.769372295307787502e-01 -2.313352371760671847e-16
7.943282347242821250e+14 5.699607856117433480e-01 -2.165521821032839363e-16
8.317637711026708750e+14 5.630388595052827627e-01 -2.026923784604568254e-16
8.709635899560832500e+14 5.561713869524532727e-01 -1.896994444177437699e-16
9.120108393559115000e+14 5.493583006658235846e-01 -1.775204488023285866e-16
9.549925860214368750e+14 5.425995299151796791e-01 -1.661056567607273293e-16
1.000000000000000000e+15 5.358950009479669374e-01 -1.554081084668383438e-16
1.047128548050898500e+15 5.292446373647435864e-01 -1.453837084952864087e-16
1.096478196143182875e+15 5.226483597931331770e-01 -1.359910661426819546e-16
1.148153621496884000e+15 5.161060855787396040e-01 -1.271913798649470870e-16
1.202264434617413000e+15 5.096177286105106896e-01 -1.189480683504186237e-16
1.258925411794171250e+15 5.031832000215307188e-01 -1.112266800278383749e-16
1.318256738556410000e+15 4.968024081062253905e-01 -1.039949223569756755e-16
1.380384264602886750e+15 4.904752580320040911e-01 -9.722249314823232330e-17
1.445439770745928000e+15 4.842016513918164233e-01 -9.088096291813443732e-17
1.513561248436207250e+15 4.779814866266856033e-01 -8.494349417709119752e-17
1.584893192461111000e+15 4.718146594712349651e-01 -7.938490232201785581e-17
1.659586907437556250e+15 4.657010626187899072e-01 -7.418157386347726360e-17
1.737800828749376250e+15 4.596405854126573987e-01 -6.931139563532103092e-17
1.819700858609982500e+15 4.536331136153098909e-01 -6.475353771237228497e-17
1.905460717963252250e+15 4.476785301718593790e-01 -6.048838802578983724e-17
1.995262314968882750e+15 4.417767151683980043e-01 -5.649758353929736954e-17
2.089296130854040750e+15 4.359275455171342517e-01 -5.276390915212260300e-17
2.187761623949551750e+15 4.301308944763583830e-01 -4.927123534623108524e-17
2.290867652767770000e+15 4.243866320408216652e-01 -4.600433973132064709e-17
2.398832919019485000e+15 4.186946254599137052e-01 -4.294894747805503463e-17
2.511886431509582000e+15 4.130547388733636360e-01 -4.009169045618893624e-17
2.630267991895381500e+15 4.074668329777330067e-01 -3.742006359676844735e-17
2.754228703338174500e+15 4.019307647145161644e-01 -3.492229880030694920e-17
2.884031503126611500e+15 3.964463880836429643e-01 -3.258731821263448298e-17
3.019951720402019000e+15 3.910135541461468578e-01 -3.040476167806458292e-17
3.162277660168379500e+15 3.856321106879673222e-01 -2.836492578808495044e-17
3.311311214825907500e+15 3.803019017329737350e-01 -2.645873292930082516e-17
3.467368504525309500e+15 3.750227679358988375e-01 -2.467761751047870005e-17
3.630780547701017500e+15 3.697945472359913666e-01 -2.301355221624948248e-17
3.801893963205612500e+15 3.646170745287082293e-01 -2.145902944334661656e-17
3.981071705534985500e+15 3.594901813687680914e-01 -2.000703437312118129e-17
4.168693834703363500e+15 3.544136956267780469e-01 -1.865097282539798891e-17
4.365158322401665500e+15 3.493874423911643157e-01 -1.738463797603900237e-17
4.570881896148752000e+15 3.444112440375335926e-01 -1.620223257500342373e-17
4.786300923226380000e+15 3.394849198488046893e-01 -1.509833278991622140e-17
5.011872336272715000e+15 3.346082854749081736e-01 -1.406787321539508185e-17
5.248074602497712000e+15 3.297811532485420138e-01 -1.310607507253521924e-17
5.495408738576248000e+15 3.250033329058802378e-01 -1.220846286128348033e-17
5.754399373371566000e+15 3.202746312178445520e-01 -1.137085707425696335e-17
6.025595860743593000e+15 3.155948516646660540e-01 -1.058935723848410502e-17
6.309573444801943000e+15 3.109637940210331908e-01 -9.860301318930529921e-18
6.606934480075964000e+15 3.063812553469898448e-01 -9.180242251689676563e-18
6.918309709189363000e+15 3.018470301663499500e-01 -8.545964640826869687e-18
7.244359600749891000e+15 2.973609100895510116e-01 -7.954463692863663506e-18
7.585775750291820000e+15 2.929226832778609180e-01 -7.402938228964049748e-18
7.943282347242822000e+15 2.885321347127347003e-01 -6.888746023327049977e-18
8.317637711026709000e+15 2.841890470082264475e-01 -6.409414087549764718e-18
8.709635899560832000e+15 2.798931999770615242e-01 -5.962636805626323667e-18
9.120108393559116000e+15 2.756443702069186208e-01 -5.546265331269988043e-18
9.549925860214368000e+15 2.714423304704546847e-01 -5.158285234878559122e-18
1.000000000000000000e+16 2.672868506935760502e-01 -4.796799916753815711e-18
