0.8663829787234042   1.4441483516483515
0.9251063829787234   1.4423626373626373
0.9838297872340426   1.440164835164835
1.04                 1.4425
1.0987234042553191   1.439065934065934
1.1472340425531915   1.4383791208791208
1.2148936170212767   1.4364560439560439
1.2863829787234042   1.43260989010989
1.3540425531914895   1.4580219780219779
1.4229787234042552   1.4600824175824174
1.4919148936170212   1.4529395604395603
1.5621276595744682   1.4474450549450548
1.6310638297872342   1.4331593406593406
