
4892.90 0.04  12.73  0.06  19.3  2.7   0.0  0.0   Ly_a

4903.91 0.02  13.04  0.02  39.6  2.5   0.0  0.0   Ly_a

4917.16 0.02  13.06  0.02  41.8  2.0   0.0  0.0   Ly_a

4926.08 0.01  13.49  0.01  32.0  0.6   0.0  0.0   Ly_a

4944.25 0.07  12.65  0.05  44.3  6.6   0.0  0.0   Ly_a

4953.37 0.01  13.77  0.01  32.9  0.4   0.0  0.0   Ly_a

4961.66 0.01  13.46  0.01  25.7  0.5   0.0  0.0   Ly_a

4973.90 0.01  13.34  0.01  25.6  0.8   0.0  0.0   Ly_a

4987.14 0.06  12.52  0.05  35.3  4.8   0.0  0.0   Ly_a

5008.42 0.34  14.30  0.70  31.8  5.6   0.0  0.0   Ly_a

4863.90 0.00  14.95  0.07  22.2  0.6   0.0  0.0   Ly_a

4896.73 0.29  14.74  0.63  25.2  4.9   0.0  0.0   Ly_a

4906.05 0.00  13.86  0.01  23.7  0.3   0.0  0.0   Ly_a

4922.44 0.01  13.59  0.01  37.4  0.6   0.0  0.0   Ly_a

4926.44 0.01  12.93  0.02  21.0  1.2   0.0  0.0   Ly_a

4945.86 0.02  12.86  0.03  24.2  2.0   0.0  0.0   Ly_a

4954.63 0.03  12.68  0.03  26.5  2.5   0.0  0.0   Ly_a

4963.28 0.00  14.29  0.02  26.1  0.3   0.0  0.0   Ly_a

4975.64 0.04  12.71  0.04  39.0  3.7   0.0  0.0   Ly_a

4989.16 0.02  12.77  0.02  24.0  1.5   0.0  0.0   Ly_a

4867.39 0.03  12.62  0.04  24.1  2.7   0.0  0.0   Ly_a

4896.95 0.00  14.51  0.03  22.0  0.4   0.0  0.0   Ly_a

4906.56 0.00  14.96  0.04  28.6  0.4   0.0  0.0   Ly_a

4922.59 0.04  12.45  0.06  23.2  4.1   0.0  0.0   Ly_a

4926.88 0.02  12.98  0.02  32.3  2.1   0.0  0.0   Ly_a

4946.19 0.00  14.16  0.01  27.5  0.3   0.0  0.0   Ly_a

4956.73 0.18  12.63  0.11  51.8 13.9   0.0  0.0   Ly_a

4963.60 0.02  12.16  0.07   8.8  2.6   0.0  0.0   Ly_a

4976.59 0.10  12.62  0.23  12.3  5.8   0.0  0.0   Ly_a

4994.63 0.02  12.71  0.04  14.2  1.5   0.0  0.0   Ly_a

4868.55 0.00  14.46  0.03  24.7  0.4   0.0  0.0   Ly_a

4899.07 0.01  13.50  0.01  33.7  0.9   0.0  0.0   Ly_a

4906.63 0.02  13.18  0.02  33.7  2.1   0.0  0.0   Ly_a

4923.16 0.03  12.88  0.03  39.9  2.9   0.0  0.0   Ly_a

4928.09 0.00  14.28  0.03  18.0  0.4   0.0  0.0   Ly_a

4950.33 0.00  13.58  0.01  17.1  0.3   0.0  0.0   Ly_a

4956.92 0.06  12.52  0.05  37.8  5.9   0.0  0.0   Ly_a

4964.75 0.89  12.80  0.63  48.5 40.2   0.0  0.0   Ly_a

4978.71 0.02  13.08  0.01  33.1  1.3   0.0  0.0   Ly_a

4996.30 0.03  12.75  0.03  31.0  2.4   0.0  0.0   Ly_a

4872.29 0.02  13.14  0.01  36.8  1.5   0.0  0.0   Ly_a

4899.18 0.00  13.86  0.01  16.7  0.3   0.0  0.0   Ly_a

4907.68 0.01  12.89  0.02  22.1  1.2   0.0  0.0   Ly_a

4924.88 0.03  12.58  0.05  20.7  2.7   0.0  0.0   Ly_a

4929.61 0.01  13.36  0.01  29.3  0.7   0.0  0.0   Ly_a

4951.38 0.03  12.67  0.04  29.7  3.0   0.0  0.0   Ly_a

4958.69 0.06  12.66  0.05  41.4  5.7   0.0  0.0   Ly_a

4969.13 0.01  12.99  0.02  24.5  1.3   0.0  0.0   Ly_a

4979.22 0.05  12.63  0.04  37.0  4.0   0.0  0.0   Ly_a

4996.42 0.01  13.29  0.01  33.0  1.0   0.0  0.0   Ly_a

4882.39 0.01  13.54  0.01  35.5  0.6   0.0  0.0   Ly_a

4901.70 0.01  13.39  0.01  19.8  0.4   0.0  0.0   Ly_a

4908.78 0.00  13.81  0.01  18.0  0.3   0.0  0.0   Ly_a

4924.86 0.00  14.37  0.02  28.6  0.4   0.0  0.0   Ly_a

4930.28 0.08  12.56  0.07  45.4  9.8   0.0  0.0   Ly_a

4951.76 0.02  12.81  0.02  23.6  1.5   0.0  0.0   Ly_a

4959.14 0.02  12.77  0.03  23.6  1.8   0.0  0.0   Ly_a

4969.64 0.01  13.52  0.01  33.5  0.6   0.0  0.0   Ly_a

4982.33 0.10  12.61  0.09  32.2  6.7   0.0  0.0   Ly_a

5002.71 0.00  15.57  0.07  27.3  0.5   0.0  0.0   Ly_a

4889.97 0.03  12.87  0.03  38.6  2.6   0.0  0.0   Ly_a

4901.91 0.00  15.81  0.08  31.1  0.6   0.0  0.0   Ly_a

4912.30 0.05  12.75  0.05  38.6  5.2   0.0  0.0   Ly_a

4925.77 0.01  13.41  0.01  32.6  0.7   0.0  0.0   Ly_a

4934.39 0.07  12.79  0.06  38.6  6.4   0.0  0.0   Ly_a

4953.17 0.01  13.64  0.01  28.9  0.5   0.0  0.0   Ly_a

4960.24 0.00  14.06  0.01  27.4  0.3   0.0  0.0   Ly_a

4972.08 0.01  13.32  0.01  19.5  0.4   0.0  0.0   Ly_a

4982.89 0.00  13.44  0.01  16.6  0.3   0.0  0.0   Ly_a

5005.33 0.00  14.27  0.02  28.4  0.4   0.0  0.0   Ly_a

4892.41 0.01  13.08  0.02  31.8  1.3   0.0  0.0   Ly_a

4903.22 0.01  13.51  0.01  23.1  0.5   0.0  0.0   Ly_a

4913.23 0.01  13.02  0.02  25.5  1.1   0.0  0.0   Ly_a

4925.87 0.00  13.63  0.01  24.7  0.4   0.0  0.0   Ly_a

4942.05 0.00  14.34  0.02  23.2  0.3   0.0  0.0   Ly_a

4953.24 0.01  13.30  0.01  39.3  1.0   0.0  0.0   Ly_a

4961.47 0.01  13.13  0.01  24.8  0.8   0.0  0.0   Ly_a

4972.84 0.03  12.70  0.03  30.8  2.9   0.0  0.0   Ly_a

4985.68 0.03  12.80  0.03  29.3  2.5   0.0  0.0   Ly_a

5007.94 0.02  12.99  0.02  36.8  2.0   0.0  0.0   Ly_a

